65 588
0 1
0 2
0 3
0 4
0 5
0 6
0 7
0 8
0 9
0 10
0 11
0 12
0 16
0 17
0 18
0 22
0 23
0 25
0 28
0 31
0 33
0 34
0 36
0 39
1 2
1 3
1 4
1 5
1 7
1 10
1 11
1 16
1 17
1 29
1 32
1 34
1 44
2 3
2 4
2 6
2 8
2 10
2 12
2 16
2 18
2 30
2 35
2 36
2 44
3 5
3 6
3 9
3 11
3 12
3 17
3 18
3 37
3 38
3 39
3 44
4 5
4 6
4 7
4 8
4 10
4 13
4 14
4 19
4 20
4 22
4 23
4 28
4 29
4 30
4 41
4 45
4 46
4 51
5 6
5 7
5 9
5 11
5 13
5 15
5 21
5 22
5 25
5 26
5 31
5 32
5 37
5 42
5 45
5 49
5 51
6 8
6 9
6 12
6 14
6 15
6 23
6 24
6 25
6 27
6 33
6 35
6 38
6 43
6 46
6 49
6 51
7 12
7 13
7 16
7 17
7 19
7 21
7 23
7 25
7 28
7 29
7 31
7 32
7 44
7 45
7 47
7 53
7 56
8 11
8 14
8 16
8 18
8 20
8 22
8 24
8 25
8 28
8 30
8 33
8 35
8 44
8 46
8 48
8 52
8 57
9 10
9 15
9 17
9 18
9 22
9 23
9 26
9 27
9 31
9 33
9 37
9 38
9 44
9 49
9 50
9 54
9 55
10 15
10 17
10 18
10 22
10 23
10 29
10 30
10 34
10 36
10 51
10 54
10 55
11 14
11 16
11 18
11 22
11 25
11 32
11 34
11 37
11 39
11 51
11 52
11 57
12 13
12 16
12 17
12 23
12 25
12 35
12 36
12 38
12 39
12 51
12 53
12 56
13 19
13 21
13 23
13 25
13 41
13 42
13 47
13 51
13 60
14 20
14 22
14 24
14 25
14 41
14 43
14 48
14 51
14 59
15 22
15 23
15 26
15 27
15 42
15 43
15 50
15 51
15 58
16 19
16 20
16 25
16 28
16 32
16 34
16 35
16 36
16 44
16 52
16 53
17 21
17 23
17 26
17 29
17 31
17 34
17 38
17 39
17 44
17 54
17 56
18 22
18 24
18 27
18 30
18 33
18 36
18 37
18 39
18 44
18 55
18 57
19 20
19 25
19 28
19 32
19 34
19 41
19 45
19 47
19 52
19 61
20 25
20 28
20 35
20 36
20 41
20 46
20 48
20 53
20 61
21 23
21 26
21 29
21 31
21 34
21 42
21 45
21 47
21 54
21 62
22 24
22 27
22 28
22 30
22 31
22 34
22 37
22 40
22 41
22 42
22 45
22 48
22 50
22 51
22 52
22 54
22 58
22 59
22 63
23 26
23 28
23 29
23 33
23 36
23 38
23 40
23 41
23 43
23 46
23 47
23 50
23 51
23 53
23 55
23 58
23 60
23 62
24 27
24 30
24 33
24 36
24 43
24 46
24 48
24 55
24 63
25 31
25 32
25 33
25 35
25 39
25 40
25 42
25 43
25 47
25 48
25 49
25 51
25 56
25 57
25 59
25 60
25 61
26 31
26 38
26 39
26 42
26 49
26 50
26 56
26 62
27 33
27 37
27 39
27 43
27 49
27 50
27 57
27 63
28 31
28 33
28 34
28 36
28 40
28 41
28 44
28 45
28 46
28 47
28 48
28 52
28 53
28 61
28 64
29 38
29 44
29 45
29 51
29 53
29 54
30 37
30 44
30 46
30 51
30 52
30 55
31 33
31 34
31 39
31 40
31 42
31 44
31 45
31 47
31 49
31 50
31 54
31 56
31 62
31 64
32 35
32 44
32 45
32 51
32 52
32 56
33 36
33 39
33 40
33 43
33 44
33 46
33 48
33 49
33 50
33 55
33 57
33 63
33 64
34 36
34 39
34 41
34 42
34 47
34 51
34 52
34 54
34 64
35 44
35 46
35 51
35 53
35 57
36 39
36 41
36 43
36 48
36 51
36 53
36 55
36 64
37 44
37 49
37 51
37 54
37 57
38 44
38 49
38 51
38 55
38 56
39 42
39 43
39 50
39 51
39 56
39 57
39 64
40 41
40 42
40 43
40 45
40 46
40 47
40 48
40 49
40 50
40 58
40 59
40 60
40 61
40 62
40 63
41 42
41 43
41 47
41 48
41 51
41 58
42 43
42 47
42 50
42 51
42 59
43 48
43 50
43 51
43 60
44 45
44 46
44 49
44 51
44 52
44 53
44 54
44 55
44 56
44 57
44 64
45 46
45 49
45 51
45 52
45 54
45 58
45 59
45 61
45 62
46 49
46 51
46 53
46 55
46 58
46 60
46 61
46 63
47 53
47 56
47 60
47 61
47 62
47 64
48 52
48 57
48 59
48 61
48 63
48 64
49 51
49 56
49 57
49 59
49 60
49 62
49 63
50 54
50 55
50 58
50 62
50 63
50 64
51 52
51 53
51 54
51 55
51 56
51 57
51 58
51 59
51 60
51 64
52 57
52 59
52 61
52 64
53 56
53 60
53 61
53 64
54 55
54 58
54 62
54 64
55 58
55 63
55 64
56 60
56 62
56 64
57 59
57 63
57 64
58 62
58 63
59 61
59 63
60 61
60 62
61 64
62 64
63 64
